0.111456 -4.21912e-007 -2.37162e-008
0.222911 -4.19065e-007 -2.34457e-008
0.334367 -4.15893e-007 -2.31706e-008
0.445822 -4.12464e-007 -2.28908e-008
0.557278 -4.08826e-007 -2.26064e-008
0.668733 -4.05014e-007 -2.23175e-008
0.780189 -4.01058e-007 -2.20242e-008
0.891644 -3.96984e-007 -2.17265e-008
1.0031 -3.92817e-007 -2.14244e-008
1.11456 -3.88577e-007 -2.11179e-008
1.22601 -3.84282e-007 -2.08072e-008
1.33747 -3.79949e-007 -2.04922e-008
1.44892 -3.75591e-007 -2.0173e-008
1.56038 -3.7122e-007 -1.98496e-008
1.67183 -3.66847e-007 -1.95222e-008
1.78329 -3.6248e-007 -1.91907e-008
1.89474 -3.58128e-007 -1.88552e-008
2.0062 -3.53798e-007 -1.85158e-008
2.11765 -3.49496e-007 -1.81726e-008
2.22911 -3.45227e-007 -1.78256e-008
2.34057 -3.40996e-007 -1.7475e-008
2.45202 -3.36807e-007 -1.71209e-008
2.56348 -3.32664e-007 -1.67632e-008
2.67493 -3.2857e-007 -1.64023e-008
2.78639 -3.24527e-007 -1.60381e-008
2.89784 -3.20539e-007 -1.56708e-008
3.0093 -3.16606e-007 -1.53005e-008
3.12075 -3.12731e-007 -1.49274e-008
3.23221 -3.08914e-007 -1.45516e-008
3.34367 -3.05158e-007 -1.41732e-008
3.45512 -3.01462e-007 -1.37924e-008
3.56658 -2.97828e-007 -1.34094e-008
3.67803 -2.94256e-007 -1.30242e-008
3.78949 -2.90747e-007 -1.26371e-008
3.90094 -2.873e-007 -1.22482e-008
4.0124 -2.83916e-007 -1.18577e-008
4.12385 -2.80595e-007 -1.14657e-008
4.23531 -2.77336e-007 -1.10724e-008
4.34676 -2.7414e-007 -1.06779e-008
4.45822 -2.71005e-007 -1.02824e-008
4.56968 -2.67932e-007 -9.88613e-009
4.68113 -2.6492e-007 -9.48917e-009
4.79259 -2.61969e-007 -9.09168e-009
4.90404 -2.59078e-007 -8.69384e-009
5.0155 -2.56246e-007 -8.2958e-009
5.12695 -2.53472e-007 -7.89772e-009
5.23841 -2.50756e-007 -7.49973e-009
5.34986 -2.48098e-007 -7.10199e-009
5.46132 -2.45496e-007 -6.70465e-009
5.57278 -2.42949e-007 -6.30785e-009
5.68423 -2.40457e-007 -5.91173e-009
5.79569 -2.38019e-007 -5.51642e-009
5.90714 -2.35634e-007 -5.12205e-009
6.0186 -2.33301e-007 -4.72877e-009
6.13005 -2.3102e-007 -4.33669e-009
6.24151 -2.28789e-007 -3.94593e-009
6.35296 -2.26607e-007 -3.55662e-009
6.46442 -2.24474e-007 -3.16887e-009
6.57587 -2.22389e-007 -2.7828e-009
6.68733 -2.2035e-007 -2.39851e-009
6.79879 -2.18358e-007 -2.01611e-009
6.91024 -2.16411e-007 -1.6357e-009
7.0217 -2.14508e-007 -1.25737e-009
7.13315 -2.12648e-007 -8.81225e-010
7.24461 -2.10831e-007 -5.07351e-010
7.35606 -2.09055e-007 -1.35836e-010
7.46752 -2.0732e-007 2.33237e-010
7.57897 -2.05625e-007 5.99788e-010
7.69043 -2.03969e-007 9.6374e-010
7.80189 -2.02352e-007 1.32502e-009
7.91334 -2.00772e-007 1.68356e-009
8.0248 -1.99228e-007 2.03929e-009
8.13625 -1.97721e-007 2.39214e-009
8.24771 -1.96248e-007 2.74207e-009
8.35916 -1.9481e-007 3.089e-009
8.47062 -1.93406e-007 3.4329e-009
8.58207 -1.92034e-007 3.77369e-009
8.69353 -1.90695e-007 4.11134e-009
8.80498 -1.89386e-007 4.4458e-009
8.91644 -1.88109e-007 4.77703e-009
9.0279 -1.86861e-007 5.10499e-009
9.13935 -1.85643e-007 5.42964e-009
9.25081 -1.84454e-007 5.75094e-009
9.36226 -1.83292e-007 6.06886e-009
9.47372 -1.82158e-007 6.38338e-009
9.58517 -1.8105e-007 6.69446e-009
9.69663 -1.79969e-007 7.00208e-009
9.80808 -1.78913e-007 7.30621e-009
9.91954 -1.77882e-007 7.60684e-009
10.031 -1.76875e-007 7.90394e-009
10.1425 -1.75892e-007 8.19749e-009
10.2539 -1.74932e-007 8.48749e-009
10.3654 -1.73994e-007 8.77392e-009
10.4768 -1.73079e-007 9.05676e-009
10.5883 -1.72185e-007 9.33601e-009
10.6997 -1.71313e-007 9.61165e-009
10.8112 -1.7046e-007 9.88369e-009
10.9226 -1.69628e-007 1.01521e-008
11.0341 -1.68815e-007 1.04169e-008
11.1456 -1.68022e-007 1.06781e-008
11.257 -1.67247e-007 1.09357e-008
11.3685 -1.6649e-007 1.11896e-008
11.4799 -1.65751e-007 1.14399e-008
11.5914 -1.65029e-007 1.16867e-008
11.7028 -1.64324e-007 1.19298e-008
11.8143 -1.63635e-007 1.21693e-008
11.9257 -1.62962e-007 1.24052e-008
12.0372 -1.62306e-007 1.26375e-008
12.1486 -1.61664e-007 1.28662e-008
12.2601 -1.61037e-007 1.30913e-008
12.3716 -1.60425e-007 1.33129e-008
12.483 -1.59826e-007 1.3531e-008
12.5945 -1.59242e-007 1.37455e-008
12.7059 -1.58671e-007 1.39565e-008
12.8174 -1.58113e-007 1.41639e-008
12.9288 -1.57568e-007 1.43679e-008
13.0403 -1.57035e-007 1.45684e-008
13.1517 -1.56515e-007 1.47654e-008
13.2632 -1.56006e-007 1.4959e-008
13.3747 -1.55509e-007 1.51492e-008
13.4861 -1.55023e-007 1.53359e-008
13.5976 -1.54549e-007 1.55192e-008
13.709 -1.54084e-007 1.56992e-008
13.8205 -1.53631e-007 1.58758e-008
13.9319 -1.53187e-007 1.60491e-008
14.0434 -1.52754e-007 1.62191e-008
14.1548 -1.5233e-007 1.63857e-008
14.2663 -1.51915e-007 1.65491e-008
14.3778 -1.51509e-007 1.67093e-008
14.4892 -1.51113e-007 1.68662e-008
14.6007 -1.50725e-007 1.70199e-008
14.7121 -1.50346e-007 1.71704e-008
14.8236 -1.49975e-007 1.73177e-008
14.935 -1.49612e-007 1.74619e-008
15.0465 -1.49257e-007 1.7603e-008
15.1579 -1.48909e-007 1.7741e-008
15.2694 -1.48569e-007 1.7876e-008
15.3809 -1.48236e-007 1.80079e-008
15.4923 -1.47911e-007 1.81367e-008
15.6038 -1.47592e-007 1.82626e-008
15.7152 -1.4728e-007 1.83855e-008
15.8267 -1.46974e-007 1.85055e-008
15.9381 -1.46675e-007 1.86225e-008
16.0496 -1.46382e-007 1.87366e-008
16.161 -1.46095e-007 1.88479e-008
16.2725 -1.45814e-007 1.89563e-008
16.384 -1.45539e-007 1.90619e-008
16.4954 -1.45269e-007 1.91646e-008
16.6069 -1.45004e-007 1.92646e-008
16.7183 -1.44745e-007 1.93619e-008
16.8298 -1.44492e-007 1.94564e-008
16.9412 -1.44243e-007 1.95483e-008
17.0527 -1.43999e-007 1.96374e-008
17.1641 -1.4376e-007 1.97239e-008
17.2756 -1.43525e-007 1.98078e-008
17.3871 -1.43295e-007 1.98891e-008
17.4985 -1.4307e-007 1.99678e-008
17.61 -1.42848e-007 2.0044e-008
17.7214 -1.42631e-007 2.01176e-008
17.8329 -1.42418e-007 2.01888e-008
17.9443 -1.42209e-007 2.02574e-008
18.0558 -1.42004e-007 2.03237e-008
18.1672 -1.41802e-007 2.03874e-008
18.2787 -1.41604e-007 2.04488e-008
18.3902 -1.4141e-007 2.05078e-008
18.5016 -1.41219e-007 2.05645e-008
18.6131 -1.41032e-007 2.06188e-008
18.7245 -1.40848e-007 2.06709e-008
18.836 -1.40667e-007 2.07206e-008
18.9474 -1.40489e-007 2.07681e-008
19.0589 -1.40314e-007 2.08134e-008
19.1703 -1.40142e-007 2.08564e-008
19.2818 -1.39973e-007 2.08973e-008
19.3933 -1.39807e-007 2.0936e-008
19.5047 -1.39643e-007 2.09726e-008
19.6162 -1.39482e-007 2.1007e-008
19.7276 -1.39324e-007 2.10394e-008
19.8391 -1.39168e-007 2.10696e-008
19.9505 -1.39014e-007 2.10979e-008
20.062 -1.38863e-007 2.11241e-008
20.1734 -1.38715e-007 2.11483e-008
20.2849 -1.38568e-007 2.11706e-008
20.3964 -1.38424e-007 2.11908e-008
20.5078 -1.38282e-007 2.12092e-008
20.6193 -1.38142e-007 2.12256e-008
20.7307 -1.38003e-007 2.12402e-008
20.8422 -1.37867e-007 2.12528e-008
20.9536 -1.37733e-007 2.12637e-008
21.0651 -1.376e-007 2.12727e-008
21.1765 -1.3747e-007 2.12798e-008
21.288 -1.37341e-007 2.12852e-008
21.3995 -1.37214e-007 2.12889e-008
21.5109 -1.37088e-007 2.12908e-008
21.6224 -1.36964e-007 2.1291e-008
21.7338 -1.36842e-007 2.12894e-008
21.8453 -1.36721e-007 2.12862e-008
21.9567 -1.36602e-007 2.12813e-008
22.0682 -1.36484e-007 2.12748e-008
22.1796 -1.36367e-007 2.12667e-008
22.2911 -1.36252e-007 2.12569e-008
22.4026 -1.36138e-007 2.12456e-008
22.514 -1.36026e-007 2.12327e-008
22.6255 -1.35914e-007 2.12182e-008
22.7369 -1.35804e-007 2.12023e-008
22.8484 -1.35695e-007 2.11848e-008
22.9598 -1.35587e-007 2.11658e-008
23.0713 -1.35481e-007 2.11454e-008
23.1827 -1.35375e-007 2.11235e-008
23.2942 -1.35271e-007 2.11001e-008
23.4057 -1.35167e-007 2.10754e-008
23.5171 -1.35064e-007 2.10492e-008
23.6286 -1.34963e-007 2.10217e-008
23.74 -1.34862e-007 2.09927e-008
23.8515 -1.34762e-007 2.09625e-008
23.9629 -1.34664e-007 2.09309e-008
24.0744 -1.34566e-007 2.0898e-008
24.1858 -1.34468e-007 2.08638e-008
24.2973 -1.34372e-007 2.08283e-008
24.4088 -1.34276e-007 2.07916e-008
24.5202 -1.34181e-007 2.07535e-008
24.6317 -1.34087e-007 2.07143e-008
24.7431 -1.33994e-007 2.06739e-008
24.8546 -1.33901e-007 2.06322e-008
24.966 -1.33809e-007 2.05894e-008
25.0775 -1.33718e-007 2.05454e-008
25.1889 -1.33627e-007 2.05002e-008
25.3004 -1.33537e-007 2.04539e-008
25.4119 -1.33447e-007 2.04065e-008
25.5233 -1.33358e-007 2.03579e-008
25.6348 -1.3327e-007 2.03083e-008
25.7462 -1.33182e-007 2.02576e-008
25.8577 -1.33095e-007 2.02058e-008
25.9691 -1.33008e-007 2.01529e-008
26.0806 -1.32922e-007 2.00991e-008
26.192 -1.32836e-007 2.00442e-008
26.3035 -1.3275e-007 1.99883e-008
26.415 -1.32665e-007 1.99313e-008
26.5264 -1.32581e-007 1.98735e-008
26.6379 -1.32497e-007 1.98146e-008
26.7493 -1.32413e-007 1.97548e-008
26.8608 -1.3233e-007 1.9694e-008
26.9722 -1.32247e-007 1.96323e-008
27.0837 -1.32164e-007 1.95697e-008
27.1951 -1.32082e-007 1.95062e-008
27.3066 -1.32e-007 1.94418e-008
27.4181 -1.31919e-007 1.93765e-008
27.5295 -1.31837e-007 1.93104e-008
27.641 -1.31756e-007 1.92434e-008
27.7524 -1.31676e-007 1.91755e-008
27.8639 -1.31595e-007 1.91068e-008
27.9753 -1.31515e-007 1.90373e-008
28.0868 -1.31436e-007 1.8967e-008
28.1982 -1.31356e-007 1.88959e-008
28.3097 -1.31277e-007 1.88241e-008
28.4212 -1.31198e-007 1.87514e-008
28.5326 -1.31119e-007 1.8678e-008
28.6441 -1.31041e-007 1.86038e-008
28.7555 -1.30962e-007 1.85289e-008
28.867 -1.30884e-007 1.84533e-008
28.9784 -1.30806e-007 1.83769e-008
29.0899 -1.30728e-007 1.82998e-008
29.2013 -1.30651e-007 1.82221e-008
29.3128 -1.30573e-007 1.81436e-008
29.4243 -1.30496e-007 1.80645e-008
29.5357 -1.30419e-007 1.79847e-008
29.6472 -1.30342e-007 1.79043e-008
29.7586 -1.30266e-007 1.78232e-008
29.8701 -1.30189e-007 1.77414e-008
29.9815 -1.30113e-007 1.76591e-008
30.093 -1.30036e-007 1.75761e-008
30.2044 -1.2996e-007 1.74925e-008
30.3159 -1.29884e-007 1.74083e-008
30.4274 -1.29808e-007 1.73236e-008
30.5388 -1.29732e-007 1.72382e-008
30.6503 -1.29657e-007 1.71523e-008
30.7617 -1.29581e-007 1.70658e-008
30.8732 -1.29505e-007 1.69788e-008
30.9846 -1.2943e-007 1.68912e-008
31.0961 -1.29355e-007 1.68031e-008
31.2075 -1.29279e-007 1.67145e-008
31.319 -1.29204e-007 1.66254e-008
31.4305 -1.29129e-007 1.65357e-008
31.5419 -1.29054e-007 1.64455e-008
31.6534 -1.28979e-007 1.63549e-008
31.7648 -1.28904e-007 1.62637e-008
31.8763 -1.28829e-007 1.61721e-008
31.9877 -1.28755e-007 1.60801e-008
32.0992 -1.2868e-007 1.59875e-008
32.2106 -1.28605e-007 1.58945e-008
32.3221 -1.28531e-007 1.58011e-008
32.4336 -1.28456e-007 1.57072e-008
32.545 -1.28381e-007 1.56129e-008
32.6565 -1.28307e-007 1.55182e-008
32.7679 -1.28232e-007 1.5423e-008
32.8794 -1.28158e-007 1.53275e-008
32.9908 -1.28084e-007 1.52315e-008
33.1023 -1.28009e-007 1.51352e-008
33.2137 -1.27935e-007 1.50385e-008
33.3252 -1.27861e-007 1.49414e-008
33.4367 -1.27786e-007 1.48439e-008
33.5481 -1.27712e-007 1.4746e-008
33.6596 -1.27638e-007 1.46478e-008
33.771 -1.27563e-007 1.45493e-008
33.8825 -1.27489e-007 1.44504e-008
33.9939 -1.27415e-007 1.43511e-008
34.1054 -1.2734e-007 1.42516e-008
34.2168 -1.27266e-007 1.41517e-008
34.3283 -1.27192e-007 1.40514e-008
34.4398 -1.27118e-007 1.39509e-008
34.5512 -1.27043e-007 1.38501e-008
34.6627 -1.26969e-007 1.37489e-008
34.7741 -1.26895e-007 1.36475e-008
34.8856 -1.26821e-007 1.35458e-008
34.997 -1.26746e-007 1.34437e-008
35.1085 -1.26672e-007 1.33415e-008
35.2199 -1.26598e-007 1.32389e-008
35.3314 -1.26523e-007 1.31361e-008
35.4428 -1.26449e-007 1.3033e-008
35.5543 -1.26375e-007 1.29296e-008
35.6658 -1.263e-007 1.28261e-008
35.7772 -1.26226e-007 1.27222e-008
35.8887 -1.26152e-007 1.26181e-008
36.0001 -1.26077e-007 1.25138e-008
36.1116 -1.26003e-007 1.24093e-008
36.223 -1.25928e-007 1.23045e-008
36.3345 -1.25854e-007 1.21996e-008
36.4459 -1.2578e-007 1.20944e-008
36.5574 -1.25705e-007 1.1989e-008
36.6689 -1.2563e-007 1.18834e-008
36.7803 -1.25556e-007 1.17776e-008
36.8918 -1.25481e-007 1.16716e-008
37.0032 -1.25407e-007 1.15654e-008
37.1147 -1.25332e-007 1.1459e-008
37.2261 -1.25257e-007 1.13525e-008
37.3376 -1.25183e-007 1.12457e-008
37.449 -1.25108e-007 1.11388e-008
37.5605 -1.25033e-007 1.10318e-008
37.672 -1.24958e-007 1.09246e-008
37.7834 -1.24884e-007 1.08172e-008
37.8949 -1.24809e-007 1.07096e-008
38.0063 -1.24734e-007 1.0602e-008
38.1178 -1.24659e-007 1.04941e-008
38.2292 -1.24584e-007 1.03862e-008
38.3407 -1.24509e-007 1.02781e-008
38.4521 -1.24434e-007 1.01698e-008
38.5636 -1.24359e-007 1.00615e-008
38.6751 -1.24284e-007 9.953e-009
38.7865 -1.24209e-007 9.8444e-009
38.898 -1.24134e-007 9.73568e-009
39.0094 -1.24058e-007 9.62685e-009
39.1209 -1.23983e-007 9.5179e-009
39.2323 -1.23908e-007 9.40886e-009
39.3438 -1.23833e-007 9.29971e-009
39.4552 -1.23757e-007 9.19047e-009
39.5667 -1.23682e-007 9.08113e-009
39.6782 -1.23607e-007 8.9717e-009
39.7896 -1.23531e-007 8.86218e-009
39.9011 -1.23456e-007 8.75259e-009
40.0125 -1.2338e-007 8.64291e-009
40.124 -1.23305e-007 8.53315e-009
40.2354 -1.23229e-007 8.42332e-009
40.3469 -1.23154e-007 8.31343e-009
40.4583 -1.23078e-007 8.20346e-009
40.5698 -1.23002e-007 8.09343e-009
40.6813 -1.22926e-007 7.98335e-009
40.7927 -1.22851e-007 7.8732e-009
40.9042 -1.22775e-007 7.763e-009
41.0156 -1.22699e-007 7.65276e-009
41.1271 -1.22623e-007 7.54246e-009
41.2385 -1.22547e-007 7.43212e-009
41.35 -1.22471e-007 7.32173e-009
41.4614 -1.22395e-007 7.21131e-009
41.5729 -1.22319e-007 7.10086e-009
41.6844 -1.22243e-007 6.99036e-009
41.7958 -1.22167e-007 6.87984e-009
41.9073 -1.22091e-007 6.7693e-009
42.0187 -1.22015e-007 6.65872e-009
42.1302 -1.21939e-007 6.54813e-009
42.2416 -1.21862e-007 6.43751e-009
42.3531 -1.21786e-007 6.32688e-009
42.4645 -1.2171e-007 6.21624e-009
42.576 -1.21633e-007 6.10558e-009
42.6875 -1.21557e-007 5.99492e-009
42.7989 -1.21481e-007 5.88424e-009
42.9104 -1.21404e-007 5.77357e-009
43.0218 -1.21328e-007 5.66289e-009
43.1333 -1.21251e-007 5.55222e-009
43.2447 -1.21175e-007 5.44154e-009
43.3562 -1.21098e-007 5.33088e-009
43.4676 -1.21021e-007 5.22022e-009
43.5791 -1.20945e-007 5.10957e-009
43.6906 -1.20868e-007 4.99893e-009
43.802 -1.20791e-007 4.88831e-009
43.9135 -1.20715e-007 4.77771e-009
44.0249 -1.20638e-007 4.66712e-009
44.1364 -1.20561e-007 4.55656e-009
44.2478 -1.20484e-007 4.44602e-009
44.3593 -1.20407e-007 4.33551e-009
44.4707 -1.2033e-007 4.22502e-009
44.5822 -1.20253e-007 4.11457e-009
44.6937 -1.20176e-007 4.00414e-009
44.8051 -1.20099e-007 3.89375e-009
44.9166 -1.20022e-007 3.7834e-009
45.028 -1.19945e-007 3.67308e-009
45.1395 -1.19868e-007 3.5628e-009
45.2509 -1.19791e-007 3.45256e-009
45.3624 -1.19714e-007 3.34237e-009
45.4738 -1.19636e-007 3.23222e-009
45.5853 -1.19559e-007 3.12212e-009
45.6968 -1.19482e-007 3.01207e-009
45.8082 -1.19404e-007 2.90207e-009
45.9197 -1.19327e-007 2.79212e-009
46.0311 -1.1925e-007 2.68223e-009
46.1426 -1.19172e-007 2.57239e-009
46.254 -1.19095e-007 2.46261e-009
46.3655 -1.19017e-007 2.35288e-009
46.4769 -1.1894e-007 2.24322e-009
46.5884 -1.18862e-007 2.13362e-009
46.6999 -1.18785e-007 2.02409e-009
46.8113 -1.18707e-007 1.91462e-009
46.9228 -1.1863e-007 1.80521e-009
47.0342 -1.18552e-007 1.69588e-009
47.1457 -1.18474e-007 1.58661e-009
47.2571 -1.18397e-007 1.47742e-009
47.3686 -1.18319e-007 1.3683e-009
47.48 -1.18241e-007 1.25926e-009
47.5915 -1.18164e-007 1.15029e-009
47.703 -1.18086e-007 1.04139e-009
47.8144 -1.18008e-007 9.32579e-010
47.9259 -1.1793e-007 8.23845e-010
48.0373 -1.17852e-007 7.15192e-010
48.1488 -1.17774e-007 6.06622e-010
48.2602 -1.17697e-007 4.98135e-010
48.3717 -1.17619e-007 3.89734e-010
48.4831 -1.17541e-007 2.8142e-010
48.5946 -1.17463e-007 1.73193e-010
48.7061 -1.17385e-007 6.5055e-011
48.8175 -1.17307e-007 -4.29927e-011
48.929 -1.17229e-007 -1.50949e-010
49.0404 -1.17151e-007 -2.58813e-010
49.1519 -1.17073e-007 -3.66583e-010
49.2633 -1.16994e-007 -4.74259e-010
49.3748 -1.16916e-007 -5.81838e-010
49.4862 -1.16838e-007 -6.8932e-010
49.5977 -1.1676e-007 -7.96705e-010
49.7092 -1.16682e-007 -9.0399e-010
49.8206 -1.16604e-007 -1.01117e-009
49.9321 -1.16525e-007 -1.11826e-009
50.0435 -1.16447e-007 -1.22524e-009
50.155 -1.16369e-007 -1.33212e-009
50.2664 -1.16291e-007 -1.43889e-009
50.3779 -1.16212e-007 -1.54556e-009
50.4893 -1.16134e-007 -1.65212e-009
50.6008 -1.16056e-007 -1.75857e-009
50.7123 -1.15977e-007 -1.86492e-009
50.8237 -1.15899e-007 -1.97116e-009
50.9352 -1.15821e-007 -2.07728e-009
51.0466 -1.15742e-007 -2.1833e-009
51.1581 -1.15664e-007 -2.2892e-009
51.2695 -1.15585e-007 -2.39499e-009
51.381 -1.15507e-007 -2.50067e-009
51.4924 -1.15428e-007 -2.60624e-009
51.6039 -1.1535e-007 -2.71168e-009
51.7154 -1.15271e-007 -2.81702e-009
51.8268 -1.15193e-007 -2.92223e-009
51.9383 -1.15114e-007 -3.02733e-009
52.0497 -1.15036e-007 -3.13231e-009
52.1612 -1.14957e-007 -3.23717e-009
52.2726 -1.14879e-007 -3.34191e-009
52.3841 -1.148e-007 -3.44653e-009
52.4955 -1.14722e-007 -3.55103e-009
52.607 -1.14643e-007 -3.6554e-009
52.7185 -1.14564e-007 -3.75966e-009
52.8299 -1.14486e-007 -3.86379e-009
52.9414 -1.14407e-007 -3.96779e-009
53.0528 -1.14328e-007 -4.07167e-009
53.1643 -1.1425e-007 -4.17543e-009
53.2757 -1.14171e-007 -4.27906e-009
53.3872 -1.14092e-007 -4.38256e-009
53.4986 -1.14014e-007 -4.48594e-009
53.6101 -1.13935e-007 -4.58919e-009
53.7216 -1.13856e-007 -4.6923e-009
53.833 -1.13778e-007 -4.79529e-009
53.9445 -1.13699e-007 -4.89815e-009
54.0559 -1.1362e-007 -5.00088e-009
54.1674 -1.13541e-007 -5.10348e-009
54.2788 -1.13463e-007 -5.20595e-009
54.3903 -1.13384e-007 -5.30829e-009
54.5017 -1.13305e-007 -5.41049e-009
54.6132 -1.13226e-007 -5.51256e-009
54.7247 -1.13148e-007 -5.6145e-009
54.8361 -1.13069e-007 -5.7163e-009
54.9476 -1.1299e-007 -5.81797e-009
55.059 -1.12911e-007 -5.9195e-009
55.1705 -1.12832e-007 -6.0209e-009
55.2819 -1.12754e-007 -6.12216e-009
55.3934 -1.12675e-007 -6.22329e-009
55.5048 -1.12596e-007 -6.32428e-009
55.6163 -1.12517e-007 -6.42513e-009
55.7278 -1.12438e-007 -6.52584e-009
55.8392 -1.12359e-007 -6.62642e-009
55.9507 -1.12281e-007 -6.72686e-009
56.0621 -1.12202e-007 -6.82716e-009
56.1736 -1.12123e-007 -6.92732e-009
56.285 -1.12044e-007 -7.02734e-009
56.3965 -1.11965e-007 -7.12722e-009
56.5079 -1.11886e-007 -7.22696e-009
56.6194 -1.11807e-007 -7.32656e-009
56.7309 -1.11729e-007 -7.42602e-009
56.8423 -1.1165e-007 -7.52533e-009
56.9538 -1.11571e-007 -7.62451e-009
57.0652 -1.11492e-007 -7.72354e-009
57.1767 -1.11413e-007 -7.82243e-009
57.2881 -1.11334e-007 -7.92118e-009
57.3996 -1.11255e-007 -8.01978e-009
57.511 -1.11176e-007 -8.11825e-009
57.6225 -1.11098e-007 -8.21657e-009
57.734 -1.11019e-007 -8.31474e-009
57.8454 -1.1094e-007 -8.41277e-009
57.9569 -1.10861e-007 -8.51066e-009
58.0683 -1.10782e-007 -8.6084e-009
58.1798 -1.10703e-007 -8.70599e-009
58.2912 -1.10624e-007 -8.80345e-009
58.4027 -1.10545e-007 -8.90075e-009
58.5141 -1.10466e-007 -8.99791e-009
58.6256 -1.10388e-007 -9.09493e-009
58.737 -1.10309e-007 -9.19179e-009
58.8485 -1.1023e-007 -9.28852e-009
58.96 -1.10151e-007 -9.38509e-009
59.0714 -1.10072e-007 -9.48152e-009
59.1829 -1.09993e-007 -9.5778e-009
59.2943 -1.09914e-007 -9.67394e-009
59.4058 -1.09835e-007 -9.76992e-009
59.5172 -1.09757e-007 -9.86577e-009
59.6287 -1.09678e-007 -9.96146e-009
59.7401 -1.09599e-007 -1.0057e-008
59.8516 -1.0952e-007 -1.01524e-008
59.9631 -1.09441e-007 -1.02476e-008
60.0745 -1.09362e-007 -1.03427e-008
60.186 -1.09284e-007 -1.04377e-008
60.2974 -1.09205e-007 -1.05325e-008
60.4089 -1.09126e-007 -1.06272e-008
60.5203 -1.09047e-007 -1.07217e-008
60.6318 -1.08968e-007 -1.0816e-008
60.7432 -1.08889e-007 -1.09102e-008
60.8547 -1.08811e-007 -1.10043e-008
60.9662 -1.08732e-007 -1.10982e-008
61.0776 -1.08653e-007 -1.1192e-008
61.1891 -1.08574e-007 -1.12856e-008
61.3005 -1.08495e-007 -1.1379e-008
61.412 -1.08417e-007 -1.14723e-008
61.5234 -1.08338e-007 -1.15655e-008
61.6349 -1.08259e-007 -1.16585e-008
61.7463 -1.0818e-007 -1.17514e-008
61.8578 -1.08102e-007 -1.18441e-008
61.9693 -1.08023e-007 -1.19367e-008
62.0807 -1.07944e-007 -1.20291e-008
62.1922 -1.07865e-007 -1.21213e-008
62.3036 -1.07787e-007 -1.22134e-008
62.4151 -1.07708e-007 -1.23054e-008
62.5265 -1.07629e-007 -1.23972e-008
62.638 -1.07551e-007 -1.24889e-008
62.7494 -1.07472e-007 -1.25804e-008
62.8609 -1.07393e-007 -1.26717e-008
62.9724 -1.07315e-007 -1.27629e-008
63.0838 -1.07236e-007 -1.2854e-008
63.1953 -1.07157e-007 -1.29449e-008
63.3067 -1.07079e-007 -1.30357e-008
63.4182 -1.07e-007 -1.31263e-008
63.5296 -1.06921e-007 -1.32167e-008
63.6411 -1.06843e-007 -1.3307e-008
63.7525 -1.06764e-007 -1.33972e-008
63.864 -1.06686e-007 -1.34872e-008
63.9755 -1.06607e-007 -1.35771e-008
64.0869 -1.06529e-007 -1.36668e-008
64.1984 -1.0645e-007 -1.37563e-008
64.3098 -1.06371e-007 -1.38457e-008
64.4213 -1.06293e-007 -1.3935e-008
64.5327 -1.06214e-007 -1.40241e-008
64.6442 -1.06136e-007 -1.4113e-008
64.7556 -1.06057e-007 -1.42018e-008
64.8671 -1.05979e-007 -1.42905e-008
64.9786 -1.05901e-007 -1.4379e-008
65.09 -1.05822e-007 -1.44673e-008
65.2015 -1.05744e-007 -1.45555e-008
65.3129 -1.05665e-007 -1.46436e-008
65.4244 -1.05587e-007 -1.47315e-008
65.5358 -1.05508e-007 -1.48192e-008
65.6473 -1.0543e-007 -1.49068e-008
65.7587 -1.05352e-007 -1.49943e-008
65.8702 -1.05273e-007 -1.50816e-008
65.9817 -1.05195e-007 -1.51687e-008
66.0931 -1.05117e-007 -1.52557e-008
66.2046 -1.05038e-007 -1.53426e-008
66.316 -1.0496e-007 -1.54293e-008
66.4275 -1.04882e-007 -1.55158e-008
66.5389 -1.04803e-007 -1.56022e-008
66.6504 -1.04725e-007 -1.56885e-008
66.7618 -1.04647e-007 -1.57746e-008
66.8733 -1.04569e-007 -1.58605e-008
66.9848 -1.0449e-007 -1.59463e-008
67.0962 -1.04412e-007 -1.6032e-008
67.2077 -1.04334e-007 -1.61175e-008
67.3191 -1.04256e-007 -1.62028e-008
67.4306 -1.04178e-007 -1.62881e-008
67.542 -1.041e-007 -1.63731e-008
67.6535 -1.04022e-007 -1.6458e-008
67.7649 -1.03943e-007 -1.65428e-008
67.8764 -1.03865e-007 -1.66274e-008
67.9879 -1.03787e-007 -1.67119e-008
68.0993 -1.03709e-007 -1.67962e-008
68.2108 -1.03631e-007 -1.68804e-008
68.3222 -1.03553e-007 -1.69644e-008
68.4337 -1.03475e-007 -1.70482e-008
68.5451 -1.03397e-007 -1.7132e-008
68.6566 -1.03319e-007 -1.72155e-008
68.768 -1.03241e-007 -1.7299e-008
68.8795 -1.03163e-007 -1.73823e-008
68.991 -1.03085e-007 -1.74654e-008
69.1024 -1.03008e-007 -1.75484e-008
69.2139 -1.0293e-007 -1.76312e-008
69.3253 -1.02852e-007 -1.77139e-008
69.4368 -1.02774e-007 -1.77965e-008
69.5482 -1.02696e-007 -1.78789e-008
69.6597 -1.02618e-007 -1.79611e-008
69.7711 -1.02541e-007 -1.80432e-008
69.8826 -1.02463e-007 -1.81252e-008
69.9941 -1.02385e-007 -1.8207e-008
70.1055 -1.02307e-007 -1.82887e-008
70.217 -1.0223e-007 -1.83702e-008
70.3284 -1.02152e-007 -1.84516e-008
70.4399 -1.02074e-007 -1.85328e-008
70.5513 -1.01997e-007 -1.86139e-008
70.6628 -1.01919e-007 -1.86948e-008
70.7742 -1.01841e-007 -1.87756e-008
70.8857 -1.01764e-007 -1.88563e-008
70.9972 -1.01686e-007 -1.89368e-008
71.1086 -1.01609e-007 -1.90171e-008
71.2201 -1.01531e-007 -1.90974e-008
71.3315 -1.01454e-007 -1.91774e-008
71.443 -1.01376e-007 -1.92574e-008
71.5544 -1.01299e-007 -1.93371e-008
71.6659 -1.01221e-007 -1.94168e-008
71.7773 -1.01144e-007 -1.94963e-008
71.8888 -1.01066e-007 -1.95756e-008
72.0003 -1.00989e-007 -1.96549e-008
72.1117 -1.00912e-007 -1.97339e-008
72.2232 -1.00834e-007 -1.98128e-008
72.3346 -1.00757e-007 -1.98916e-008
72.4461 -1.0068e-007 -1.99703e-008
72.5575 -1.00603e-007 -2.00488e-008
72.669 -1.00525e-007 -2.01271e-008
72.7804 -1.00448e-007 -2.02053e-008
72.8919 -1.00371e-007 -2.02834e-008
73.0034 -1.00294e-007 -2.03613e-008
73.1148 -1.00217e-007 -2.04391e-008
73.2263 -1.00139e-007 -2.05168e-008
73.3377 -1.00062e-007 -2.05943e-008
73.4492 -9.99852e-008 -2.06716e-008
73.5606 -9.99081e-008 -2.07489e-008
73.6721 -9.9831e-008 -2.08259e-008
73.7835 -9.9754e-008 -2.09029e-008
73.895 -9.9677e-008 -2.09797e-008
74.0065 -9.96e-008 -2.10563e-008
74.1179 -9.95231e-008 -2.11329e-008
74.2294 -9.94462e-008 -2.12092e-008
74.3408 -9.93693e-008 -2.12855e-008
74.4523 -9.92924e-008 -2.13616e-008
74.5637 -9.92155e-008 -2.14375e-008
74.6752 -9.91387e-008 -2.15134e-008
74.7866 -9.90619e-008 -2.15891e-008
74.8981 -9.89851e-008 -2.16646e-008
75.0096 -9.89083e-008 -2.174e-008
75.121 -9.88316e-008 -2.18153e-008
75.2325 -9.87549e-008 -2.18904e-008
75.3439 -9.86782e-008 -2.19654e-008
75.4554 -9.86015e-008 -2.20403e-008
75.5668 -9.85249e-008 -2.2115e-008
75.6783 -9.84482e-008 -2.21896e-008
75.7897 -9.83717e-008 -2.2264e-008
75.9012 -9.82951e-008 -2.23383e-008
76.0127 -9.82185e-008 -2.24125e-008
76.1241 -9.8142e-008 -2.24865e-008
76.2356 -9.80655e-008 -2.25604e-008
76.347 -9.79891e-008 -2.26342e-008
76.4585 -9.79126e-008 -2.27078e-008
76.5699 -9.78362e-008 -2.27813e-008
76.6814 -9.77598e-008 -2.28547e-008
76.7928 -9.76835e-008 -2.29279e-008
76.9043 -9.76071e-008 -2.3001e-008
77.0158 -9.75308e-008 -2.30739e-008
77.1272 -9.74545e-008 -2.31467e-008
77.2387 -9.73783e-008 -2.32194e-008
77.3501 -9.7302e-008 -2.3292e-008
77.4616 -9.72258e-008 -2.33644e-008
77.573 -9.71497e-008 -2.34366e-008
77.6845 -9.70735e-008 -2.35088e-008
77.7959 -9.69974e-008 -2.35808e-008
77.9074 -9.69213e-008 -2.36527e-008
78.0189 -9.68452e-008 -2.37244e-008
78.1303 -9.67691e-008 -2.3796e-008
78.2418 -9.66931e-008 -2.38675e-008
78.3532 -9.66171e-008 -2.39389e-008
78.4647 -9.65412e-008 -2.40101e-008
78.5761 -9.64652e-008 -2.40812e-008
78.6876 -9.63893e-008 -2.41521e-008
78.799 -9.63134e-008 -2.4223e-008
78.9105 -9.62376e-008 -2.42936e-008
79.022 -9.61617e-008 -2.43642e-008
79.1334 -9.60859e-008 -2.44346e-008
79.2449 -9.60102e-008 -2.45049e-008
79.3563 -9.59344e-008 -2.45751e-008
79.4678 -9.58587e-008 -2.46451e-008
79.5792 -9.5783e-008 -2.4715e-008
79.6907 -9.57073e-008 -2.47848e-008
79.8021 -9.56317e-008 -2.48545e-008
79.9136 -9.55561e-008 -2.4924e-008
80.0251 -9.54805e-008 -2.49934e-008
80.1365 -9.54049e-008 -2.50626e-008
80.248 -9.53294e-008 -2.51318e-008
80.3594 -9.52539e-008 -2.52008e-008
80.4709 -9.51784e-008 -2.52696e-008
80.5823 -9.5103e-008 -2.53384e-008
80.6938 -9.50276e-008 -2.5407e-008
80.8052 -9.49522e-008 -2.54755e-008
80.9167 -9.48769e-008 -2.55439e-008
81.0282 -9.48015e-008 -2.56121e-008
81.1396 -9.47262e-008 -2.56802e-008
81.2511 -9.4651e-008 -2.57482e-008
81.3625 -9.45757e-008 -2.58161e-008
81.474 -9.45005e-008 -2.58838e-008
81.5854 -9.44253e-008 -2.59514e-008
81.6969 -9.43502e-008 -2.60189e-008
81.8083 -9.42751e-008 -2.60862e-008
81.9198 -9.42e-008 -2.61535e-008
82.0312 -9.41249e-008 -2.62206e-008
82.1427 -9.40499e-008 -2.62875e-008
82.2542 -9.39749e-008 -2.63544e-008
82.3656 -9.38999e-008 -2.64211e-008
82.4771 -9.38249e-008 -2.64877e-008
82.5885 -9.375e-008 -2.65542e-008
82.7 -9.36751e-008 -2.66206e-008
82.8114 -9.36003e-008 -2.66868e-008
82.9229 -9.35254e-008 -2.67529e-008
83.0343 -9.34506e-008 -2.68189e-008
83.1458 -9.33759e-008 -2.68847e-008
83.2573 -9.33011e-008 -2.69505e-008
83.3687 -9.32264e-008 -2.70161e-008
83.4802 -9.31518e-008 -2.70816e-008
83.5916 -9.30771e-008 -2.7147e-008
83.7031 -9.30025e-008 -2.72122e-008
83.8145 -9.29279e-008 -2.72774e-008
83.926 -9.28533e-008 -2.73424e-008
84.0374 -9.27788e-008 -2.74072e-008
84.1489 -9.27043e-008 -2.7472e-008
84.2604 -9.26299e-008 -2.75367e-008
84.3718 -9.25554e-008 -2.76012e-008
84.4833 -9.2481e-008 -2.76656e-008
84.5947 -9.24067e-008 -2.77299e-008
84.7062 -9.23323e-008 -2.7794e-008
84.8176 -9.2258e-008 -2.78581e-008
84.9291 -9.21837e-008 -2.7922e-008
85.0405 -9.21095e-008 -2.79858e-008
85.152 -9.20353e-008 -2.80495e-008
85.2635 -9.19611e-008 -2.81131e-008
85.3749 -9.18869e-008 -2.81765e-008
85.4864 -9.18128e-008 -2.82398e-008
85.5978 -9.17387e-008 -2.8303e-008
85.7093 -9.16646e-008 -2.83661e-008
85.8207 -9.15906e-008 -2.84291e-008
85.9322 -9.15166e-008 -2.8492e-008
86.0436 -9.14426e-008 -2.85547e-008
86.1551 -9.13687e-008 -2.86173e-008
86.2666 -9.12948e-008 -2.86798e-008
86.378 -9.12209e-008 -2.87422e-008
86.4895 -9.11471e-008 -2.88045e-008
86.6009 -9.10733e-008 -2.88667e-008
86.7124 -9.09995e-008 -2.89287e-008
86.8238 -9.09257e-008 -2.89906e-008
86.9353 -9.0852e-008 -2.90524e-008
87.0467 -9.07783e-008 -2.91141e-008
87.1582 -9.07047e-008 -2.91757e-008
87.2697 -9.06311e-008 -2.92372e-008
87.3811 -9.05575e-008 -2.92985e-008
87.4926 -9.04839e-008 -2.93598e-008
87.604 -9.04104e-008 -2.94209e-008
87.7155 -9.03369e-008 -2.94819e-008
87.8269 -9.02635e-008 -2.95428e-008
87.9384 -9.019e-008 -2.96036e-008
88.0498 -9.01166e-008 -2.96642e-008
88.1613 -9.00433e-008 -2.97248e-008
88.2728 -8.997e-008 -2.97852e-008
88.3842 -8.98967e-008 -2.98456e-008
88.4957 -8.98234e-008 -2.99058e-008
88.6071 -8.97502e-008 -2.99659e-008
88.7186 -8.9677e-008 -3.00259e-008
88.83 -8.96038e-008 -3.00857e-008
88.9415 -8.95307e-008 -3.01455e-008
89.0529 -8.94576e-008 -3.02052e-008
89.1644 -8.93845e-008 -3.02647e-008
89.2759 -8.93115e-008 -3.03241e-008
89.3873 -8.92385e-008 -3.03835e-008
89.4988 -8.91655e-008 -3.04427e-008
89.6102 -8.90926e-008 -3.05018e-008
89.7217 -8.90197e-008 -3.05608e-008
89.8331 -8.89468e-008 -3.06197e-008
89.9446 -8.8874e-008 -3.06784e-008
90.056 -8.88012e-008 -3.07371e-008
90.1675 -8.87284e-008 -3.07956e-008
90.279 -8.86556e-008 -3.08541e-008
90.3904 -8.85829e-008 -3.09124e-008
90.5019 -8.85103e-008 -3.09706e-008
90.6133 -8.84376e-008 -3.10288e-008
90.7248 -8.8365e-008 -3.10868e-008
90.8362 -8.82925e-008 -3.11447e-008
90.9477 -8.82199e-008 -3.12025e-008
91.0591 -8.81474e-008 -3.12601e-008
91.1706 -8.8075e-008 -3.13177e-008
91.2821 -8.80025e-008 -3.13752e-008
91.3935 -8.79301e-008 -3.14326e-008
91.505 -8.78577e-008 -3.14898e-008
91.6164 -8.77854e-008 -3.1547e-008
91.7279 -8.77131e-008 -3.1604e-008
91.8393 -8.76408e-008 -3.16609e-008
91.9508 -8.75686e-008 -3.17178e-008
92.0622 -8.74964e-008 -3.17745e-008
92.1737 -8.74242e-008 -3.18311e-008
92.2852 -8.73521e-008 -3.18876e-008
92.3966 -8.728e-008 -3.1944e-008
92.5081 -8.72079e-008 -3.20004e-008
92.6195 -8.71359e-008 -3.20566e-008
92.731 -8.70639e-008 -3.21126e-008
92.8424 -8.6992e-008 -3.21686e-008
92.9539 -8.692e-008 -3.22245e-008
93.0653 -8.68481e-008 -3.22803e-008
93.1768 -8.67763e-008 -3.2336e-008
93.2883 -8.67045e-008 -3.23916e-008
93.3997 -8.66327e-008 -3.2447e-008
93.5112 -8.65609e-008 -3.25024e-008
93.6226 -8.64892e-008 -3.25577e-008
93.7341 -8.64175e-008 -3.26128e-008
93.8455 -8.63458e-008 -3.26679e-008
93.957 -8.62742e-008 -3.27229e-008
94.0684 -8.62026e-008 -3.27777e-008
94.1799 -8.61311e-008 -3.28325e-008
94.2914 -8.60596e-008 -3.28871e-008
94.4028 -8.59881e-008 -3.29417e-008
94.5143 -8.59166e-008 -3.29961e-008
94.6257 -8.58452e-008 -3.30505e-008
94.7372 -8.57738e-008 -3.31047e-008
94.8486 -8.57025e-008 -3.31589e-008
94.9601 -8.56312e-008 -3.32129e-008
95.0715 -8.55599e-008 -3.32669e-008
95.183 -8.54887e-008 -3.33207e-008
95.2945 -8.54175e-008 -3.33744e-008
95.4059 -8.53463e-008 -3.34281e-008
95.5174 -8.52752e-008 -3.34816e-008
95.6288 -8.52041e-008 -3.35351e-008
95.7403 -8.5133e-008 -3.35884e-008
95.8517 -8.5062e-008 -3.36417e-008
95.9632 -8.4991e-008 -3.36948e-008
96.0746 -8.492e-008 -3.37479e-008
96.1861 -8.48491e-008 -3.38008e-008
96.2976 -8.47782e-008 -3.38537e-008
96.409 -8.47074e-008 -3.39065e-008
96.5205 -8.46365e-008 -3.39591e-008
96.6319 -8.45657e-008 -3.40117e-008
96.7434 -8.4495e-008 -3.40642e-008
96.8548 -8.44243e-008 -3.41165e-008
96.9663 -8.43536e-008 -3.41688e-008
97.0777 -8.4283e-008 -3.4221e-008
97.1892 -8.42123e-008 -3.42731e-008
97.3007 -8.41418e-008 -3.4325e-008
97.4121 -8.40712e-008 -3.43769e-008
97.5236 -8.40007e-008 -3.44287e-008
97.635 -8.39303e-008 -3.44804e-008
97.7465 -8.38598e-008 -3.4532e-008
97.8579 -8.37894e-008 -3.45835e-008
97.9694 -8.37191e-008 -3.46349e-008
98.0808 -8.36487e-008 -3.46862e-008
98.1923 -8.35784e-008 -3.47374e-008
98.3038 -8.35082e-008 -3.47886e-008
98.4152 -8.3438e-008 -3.48396e-008
98.5267 -8.33678e-008 -3.48905e-008
98.6381 -8.32976e-008 -3.49414e-008
98.7496 -8.32275e-008 -3.49921e-008
98.861 -8.31574e-008 -3.50428e-008
98.9725 -8.30874e-008 -3.50933e-008
99.0839 -8.30174e-008 -3.51438e-008
99.1954 -8.29474e-008 -3.51942e-008
99.3069 -8.28775e-008 -3.52445e-008
99.4183 -8.28076e-008 -3.52946e-008
99.5298 -8.27377e-008 -3.53447e-008
99.6412 -8.26679e-008 -3.53947e-008
99.7527 -8.25981e-008 -3.54447e-008
99.8641 -8.25283e-008 -3.54945e-008
99.9756 -8.24586e-008 -3.55442e-008
100.087 -8.23889e-008 -3.55938e-008
